2025-04-08 19:32:41.509607 - Received CBT.V508.FILE127.PDS from FILE127.XMI 
2025-04-08 19:32:41.514190 - Found $$$#DATE.txt (text/plain) in CBT.V508.FILE127.PDS, moved to PDS/$$$#DATE
2025-04-08 19:32:41.515687 - Found $DOC.txt (text/plain) in CBT.V508.FILE127.PDS, moved to PDS/$DOC
2025-04-08 19:32:41.517084 - Found $JCL.jcl (text/plain) in CBT.V508.FILE127.PDS, moved to PDS/$JCL
2025-04-08 19:32:41.518502 - Found @ENT.txt (text/plain) in CBT.V508.FILE127.PDS, moved to PDS/@ENT
2025-04-08 19:32:41.520465 - Found @FILE127.txt (text/plain) in CBT.V508.FILE127.PDS, moved to PDS/@FILE127
2025-04-08 19:32:41.521927 - Found @RET.txt (text/plain) in CBT.V508.FILE127.PDS, moved to PDS/@RET
2025-04-08 19:32:41.523592 - Found @STCK.txt (text/plain) in CBT.V508.FILE127.PDS, moved to PDS/@STCK
2025-04-08 19:32:41.526729 - Found CLEAR.txt (text/plain) in CBT.V508.FILE127.PDS, moved to PDS/CLEAR
2025-04-08 19:32:41.528534 - Found CONV.txt (text/plain) in CBT.V508.FILE127.PDS, moved to PDS/CONV
2025-04-08 19:32:41.529875 - Found ENTER.txt (text/plain) in CBT.V508.FILE127.PDS, moved to PDS/ENTER
2025-04-08 19:32:41.531537 - Found ENTERX.txt (text/plain) in CBT.V508.FILE127.PDS, moved to PDS/ENTERX
2025-04-08 19:32:41.533008 - Found LEAVE.txt (text/plain) in CBT.V508.FILE127.PDS, moved to PDS/LEAVE
2025-04-08 19:32:41.534693 - Found MSG.txt (text/plain) in CBT.V508.FILE127.PDS, moved to PDS/MSG
2025-04-08 19:32:41.536068 - Found PDEDSNAM.txt (text/plain) in CBT.V508.FILE127.PDS, moved to PDS/PDEDSNAM
2025-04-08 19:32:41.537428 - Found REGS.txt (text/plain) in CBT.V508.FILE127.PDS, moved to PDS/REGS
2025-04-08 19:32:41.538820 - Found SYSGET.txt (text/plain) in CBT.V508.FILE127.PDS, moved to PDS/SYSGET
2025-04-08 19:32:41.540410 - Found SYSPUT.txt (text/plain) in CBT.V508.FILE127.PDS, moved to PDS/SYSPUT
2025-04-08 19:32:41.541999 - Found TSCALL.txt (text/plain) in CBT.V508.FILE127.PDS, moved to PDS/TSCALL
2025-04-08 19:32:41.543480 - Found TSCVDAT.txt (text/plain) in CBT.V508.FILE127.PDS, moved to PDS/TSCVDAT
2025-04-08 19:32:41.545109 - Found TSCVDATE.txt (text/plain) in CBT.V508.FILE127.PDS, moved to PDS/TSCVDATE
2025-04-08 19:32:41.546713 - Found TSDYNLXA.txt (text/plain) in CBT.V508.FILE127.PDS, moved to PDS/TSDYNLXA
2025-04-08 19:32:41.548421 - Found TSENQSP3.txt (text/plain) in CBT.V508.FILE127.PDS, moved to PDS/TSENQSP3
2025-04-08 19:32:41.550964 - Found TSGTFMAP.txt (text/plain) in CBT.V508.FILE127.PDS, moved to PDS/TSGTFMAP
2025-04-08 19:32:41.552432 - Found TSSPACE.txt (text/plain) in CBT.V508.FILE127.PDS, moved to PDS/TSSPACE
2025-04-08 19:32:41.553903 - Found TSSYSTEM.txt (text/plain) in CBT.V508.FILE127.PDS, moved to PDS/TSSYSTEM
2025-04-08 19:32:41.555500 - Found VTCALL.txt (text/plain) in CBT.V508.FILE127.PDS, moved to PDS/VTCALL
2025-04-08 19:32:41.556918 - Found VTEXCP.txt (text/plain) in CBT.V508.FILE127.PDS, moved to PDS/VTEXCP
2025-04-08 19:32:41.558468 - Found VTFMT.txt (text/plain) in CBT.V508.FILE127.PDS, moved to PDS/VTFMT
2025-04-08 19:32:41.561044 - Found VTOC.txt (text/plain) in CBT.V508.FILE127.PDS, moved to PDS/VTOC
2025-04-08 19:32:41.562343 - Found VTOCMSG.txt (text/plain) in CBT.V508.FILE127.PDS, moved to PDS/VTOCMSG
2025-04-08 19:32:41.563846 - Found VTOCOM.txt (text/plain) in CBT.V508.FILE127.PDS, moved to PDS/VTOCOM
2025-04-08 19:32:41.565411 - Found VTOCPARS.txt (text/plain) in CBT.V508.FILE127.PDS, moved to PDS/VTOCPARS
